00001111110000010000001010010111
00000000000000101000001010010011
00001111110000010000001100010111
00000001100000110000001100010011
00000000000000110010001100000011
00000000010000000000100010010011
00001111110000010000010100010111
00000000110001010000010100010011
00000000000000000000000001110011
00000010000000110000011001100011
00000000000100000000100010010011
00000000000000101010010100000011
00000000000000000000000001110011
00000000010000000000100010010011
00001111110000010000010100010111
00000001010001010000010100010011
00000000000000000000000001110011
00000000010000101000001010010011
11111111111100110000001100010011
11111101100111111111000001101111
00000000101000000000100010010011
00000000000000000000000001110011
